0 1 0.9 9 BS01 9 11
0 1 0.9 2 BS02 18 12
0 1 0.9 5 BS04 10 23
0 2 0.9 9 BG01  8 11
0 2 0.9 2 BG02  16 14
0 2 0.9 5 BG03 18 9
0 3 0.9 5 BH06  22 4
0 3 0.9 2 BH07  13 1
0 4 0.9 5 BG08  7 16
0 4 0.9 2 A2547  20 8
0 5 0.9 5 T539  13 14
0 5 0.9 2 A5215  10 13
0 5 0.9 2 A5217  15 18
0 6 0.9 5 T653 21 5
0 6 0.9 2 T156  8 23
0 6 0.9 2 T173  15 6
0 11 0.9 5 CA267  7 17
1 0 0.9 9 CA958  12 14
1 0 0.9 5 T462  7 20
1 0 0.9 2 R342  12 6
1 2 0.9 9 CA258  7 9
1 2 0.9 5 T118 14 6
1 3 0.9 2 CA421  10 2
1 5 0.9 5 T101  22 6
1 6 0.9 5 CA581  21 3
1 6 0.9 2 T42  16 8
1 8 0.9 2 T48  8 16
1 9 0.9 5 CA574  9 13
1 10 0.9 2 CA564  9 18
2 0 0.9 9 CA544 7 10
2 0 0.9 5 T29  10 1
2 1 0.9 0 CA259 17 19
2 1 0.9 5 T117 18 10
2 5 0.9 2 T123 9 6
2 6 0.9 2 T54  16 13
2 7 0.9 2 T57  12 8
2 8 0.9 5 CA248  14 20
2 9 0.9 2 A1496  7 20
2 10 0.9 5 CA574  14 22
2 11 0.9 0 CA102 9 14
3 0 0.2 5 T88  8 14
3 1 0.2 5 CA422  9 22
3 4 0.2 2 A1569  9 19
3 6 0.2 2 T83  21 12
3 5 0.2 5 CA781 15 22
4 0 0.5 5 T92  20 5
4 0 0.5 2 A2548 7 19
4 3 0.5 2 A1570 10 19
4 5 0.5 2 A3698  20 7
4 7 0.5 0 CA223  7 10
5 0 0.2 5 T532  10 12
5 0 0.2 5 T540 19 20
5 0 0.2 2 A5216  7 10
5 0 0.2 2 A5218  14 17
5 1 0.2 5 T102  12 22
5 2 0.2 5 T124  15 12
5 4 0.2 2 A3699 12 23
5 6 0.2 5 CA335  14 20
5 7 0.2 5 T25  14 2
6 0 0.2 5 T154 7 16
6 1 0.2 2 T41  20 3
6 2 0.2 2 T53  11 8
6 3 0.2 2 T84  8 22
6 7 0.2 2 T111  23 11
7 0 0.5 5 T8  12 9
7 2 0.5 5 T58  18 14
7 5 0.5 5 T26  12 9
7 8 0.5 2 T112  8 16
7 9 0.5 2 A3214  20 4
7 10 0.5 5 CA105  5 17
8 2 0.2 2 CA247  19 0
8 6 0.2 2 CA146  7 16
9 0 0.9 2 CA218  9 3
9 1 0.9 2 CA573  14 19 
9 2 0.9 2 A1495  21 10
9 7 0.9 2 A3213  22 6
9 10 0.9 2 CA98  15 5
10 1 0.5 5 CA989  21 6
10 9 0.5 2 CA980  15 5
11 0 0.2 2 CA991  19  5
11 6 0.2 2 T100  18 10
11 7 0.2 2 T101  23 10